
0
1
12
0 0 50.000000 174.218121 76.448015 0.000000 0.000000
1 1 50.000000 625.781879 438.551985 0.000000 0.000000
2 -1 19.190873 356.589949 154.859143 1.593919 3.829969
3 -1 19.190873 443.410051 360.140857 -1.593919 -3.829969
4 -1 16.911868 470.104345 90.151808 -4.588038 0.351799
5 -1 16.911868 329.895655 424.848192 4.588038 -0.351799
6 -1 20.904680 658.707193 56.249977 0.105132 1.248897
7 -1 20.904680 141.292807 458.750023 -0.105132 -1.248897
8 -1 17.302781 178.353343 380.856646 1.434507 3.222653
9 -1 17.302781 621.646657 134.143354 -1.434507 -3.222653
10 -1 18.867475 445.439310 140.638131 2.388380 1.140408
11 -1 18.867475 354.560690 374.361869 -2.388380 -1.140408

1
14
0 0 48.304589 185.363113 85.385061 11.144993 8.937046
1 1 48.304589 611.507646 439.124625 -14.274233 0.572640
2 -1 19.190873 358.183868 158.689112 1.593919 3.829969
3 -1 19.190873 441.816132 356.310888 -1.593919 -3.829969
4 -1 16.911868 465.516308 90.503607 -4.588038 0.351799
5 -1 16.911868 334.483692 424.496393 4.588038 -0.351799
6 -1 20.904680 658.812325 57.498874 0.105132 1.248897
7 -1 20.904680 141.187675 457.501126 -0.105132 -1.248897
8 -1 17.302781 179.787851 384.079299 1.434507 3.222653
9 -1 17.302781 620.212149 130.920701 -1.434507 -3.222653
10 -1 18.867475 447.827690 141.778539 2.388380 1.140408
11 -1 18.867475 352.172310 373.221461 -2.388380 -1.140408
12 -1 12.909945 35.244781 96.633172 156.029889 125.118638
13 -1 12.909945 713.192768 429.116239 -199.839256 -8.016960

1
15
0 0 46.666666 207.653099 103.259153 22.289985 17.874092
1 1 46.666666 582.957996 440.239612 -28.549650 1.114987
2 -1 19.190873 359.777787 162.519082 1.593919 3.829969
3 -1 19.190873 440.222213 352.480918 -1.593919 -3.829969
4 -1 16.911868 460.928270 90.855406 -4.588038 0.351799
5 -1 16.911868 339.071730 424.144594 4.588038 -0.351799
6 -1 20.904680 658.917457 58.747772 0.105132 1.248897
7 -1 20.904680 141.082543 456.252228 -0.105132 -1.248897
8 -1 17.302781 181.222358 387.301951 1.434507 3.222653
9 -1 17.302781 618.777642 127.698049 -1.434507 -3.222653
10 -1 18.867475 450.216070 142.918947 2.388380 1.140408
11 -1 18.867475 349.783930 372.081053 -2.388380 -1.140408
12 -1 12.909945 191.274670 221.751810 156.029889 125.118638
13 -1 17.950550 666.825153 425.785397 -13.774022 -7.535774
15 -1 12.472192 13.801416 77.132755 -144.884897 116.181592

1
15
0 0 45.084283 241.088077 130.070291 33.434978 26.811138
1 1 45.084283 540.131706 441.863710 -42.826290 1.624097
2 -1 19.190873 361.371706 166.349051 1.593919 3.829969
3 -1 19.190873 438.628294 348.650949 -1.593919 -3.829969
4 -1 16.911868 456.340232 91.207204 -4.588038 0.351799
5 -1 16.911868 343.659768 423.792796 4.588038 -0.351799
6 -1 20.904680 659.022589 59.996669 0.105132 1.248897
7 -1 20.904680 140.977411 455.003331 -0.105132 -1.248897
8 -1 17.302781 182.656866 390.524604 1.434507 3.222653
9 -1 17.302781 617.343134 124.475396 -1.434507 -3.222653
10 -1 18.867475 452.604450 144.059355 2.388380 1.140408
11 -1 22.861503 347.366534 363.264929 48.129427 39.122184
13 -1 21.619608 694.749800 422.846814 43.720551 -7.062635
15 -1 12.472192 156.027874 193.314347 144.884897 116.181592
16 -1 12.049282 48.140957 48.750438 -133.739904 107.244546

1
17
0 0 43.555555 285.668048 165.818475 44.579971 35.748184
1 1 43.555555 484.079845 438.087257 -56.051861 -3.776453
2 -1 19.190873 362.965625 170.179020 1.593919 3.829969
3 -1 19.190873 437.034375 344.820980 -1.593919 -3.829969
4 -1 16.911868 451.752194 91.559003 -4.588038 0.351799
5 -1 16.911868 348.247806 423.440997 4.588038 -0.351799
6 -1 20.904680 659.127722 61.245566 0.105132 1.248897
7 -1 20.904680 140.872278 453.754434 -0.105132 -1.248897
8 -1 17.302781 184.091373 393.747257 1.434507 3.222653
9 -1 17.302781 615.908627 121.252743 -1.434507 -3.222653
10 -1 18.867475 454.992830 145.199763 2.388380 1.140408
11 -1 22.861503 395.495962 402.387114 48.129427 39.122184
13 -1 21.619608 738.470352 415.784179 43.720551 -7.062635
15 -1 12.472192 300.912771 309.495939 144.884897 116.181592
16 -1 12.049282 109.697521 155.994984 133.739904 107.244546
18 -1 11.640712 712.009828 475.558015 142.331683 -77.231801
19 -1 11.640712 93.594818 11.797083 -122.594911 -98.307500

1
14
0 0 46.248282 345.381968 204.219820 46.404347 37.650520
1 1 50.747318 432.266781 435.250242 -22.771339 12.175551
3 -1 19.190873 435.440456 340.991011 -1.593919 -3.829969
4 -1 16.911868 447.164156 91.910802 -4.588038 0.351799
5 -1 16.911868 352.835844 423.089198 4.588038 -0.351799
6 -1 20.904680 659.232854 62.494463 0.105132 1.248897
7 -1 20.904680 140.767146 452.505537 -0.105132 -1.248897
8 -1 17.302781 185.525880 396.969909 1.434507 3.222653
9 -1 17.302781 614.474120 118.030091 -1.434507 -3.222653
10 -1 18.867475 457.381210 146.340171 2.388380 1.140408
13 -1 24.554299 768.747607 406.385170 1.904897 -22.833312
16 -1 12.049282 243.437425 263.239530 133.739904 107.244546
19 -1 11.640712 52.281527 109.791851 122.594911 98.307500
20 -1 11.245996 150.164041 57.159315 -111.449919 -89.370454

1
13
0 0 46.248282 391.786315 241.870340 46.404347 37.650520
1 1 53.491135 402.143064 445.145067 -20.036538 10.923337
3 -1 19.190873 433.846537 337.161042 -1.593919 -3.829969
4 -1 16.911868 442.576118 92.262600 -4.588038 0.351799
6 -1 20.904680 659.337986 63.743360 0.105132 1.248897
7 -1 20.904680 140.662014 451.256640 -0.105132 -1.248897
8 -1 17.302781 186.960388 400.192562 1.434507 3.222653
9 -1 17.302781 613.039612 114.807438 -1.434507 -3.222653
10 -1 18.867475 459.769590 147.480579 2.388380 1.140408
13 -1 24.554299 770.652504 383.551858 1.904897 -22.833312
16 -1 12.049282 377.177329 370.484076 133.739904 107.244546
19 -1 11.640712 174.876438 208.099351 122.594911 98.307500
20 -1 11.245996 38.714122 54.703142 -111.449919 89.370454

1
12
0 0 50.071880 437.318403 287.425214 39.353728 31.557318
1 1 53.063484 402.108089 454.928269 1.252312 13.632881
4 -1 16.911868 437.988080 92.614399 -4.588038 0.351799
6 -1 20.904680 659.443119 64.992258 0.105132 1.248897
7 -1 20.904680 140.556881 450.007742 -0.105132 -1.248897
8 -1 17.302781 188.394895 403.415214 1.434507 3.222653
9 -1 17.302781 611.605105 111.584786 -1.434507 -3.222653
10 -1 18.867475 462.157970 148.620987 2.388380 1.140408
13 -1 24.554299 772.557400 360.718547 1.904897 -22.833312
19 -1 11.640712 297.471349 306.406851 122.594911 98.307500
20 -1 11.245996 95.227799 144.073596 111.449919 89.370454
22 -1 13.811352 147.563921 495.691596 -217.242201 44.238895

1
12
0 0 50.071880 476.672132 318.982532 39.353728 31.557318
1 1 52.569230 417.338356 459.630053 20.361007 -4.766968
4 -1 16.911868 433.400043 92.966198 -4.588038 0.351799
6 -1 20.904680 659.548251 66.241155 0.105132 1.248897
7 -1 20.904680 140.451749 448.758845 -0.105132 -1.248897
8 -1 17.302781 189.829402 406.637867 1.434507 3.222653
9 -1 17.302781 610.170598 108.362133 -1.434507 -3.222653
10 -1 18.867475 464.546351 149.761394 2.388380 1.140408
13 -1 24.554299 774.462297 337.885235 1.904897 -22.833312
20 -1 11.245996 206.677717 233.444049 111.449919 89.370454
22 -1 13.811352 97.300994 462.446795 217.242201 -44.238895
23 -1 13.700933 173.254059 474.982973 -192.469849 -63.349323

1
12
0 0 48.374032 504.880867 341.602804 28.208736 22.620272
1 1 50.786701 451.208851 450.218152 33.870495 -9.411901
4 -1 16.911868 428.812005 93.317996 -4.588038 0.351799
6 -1 20.904680 659.653383 67.490052 0.105132 1.248897
7 -1 28.556517 144.364216 432.397270 6.455344 -25.599999
8 -1 17.302781 191.263910 409.860519 1.434507 3.222653
9 -1 17.302781 608.736090 105.139481 -1.434507 -3.222653
10 -1 18.867475 466.934731 150.901802 2.388380 1.140408
13 -1 24.554299 774.524198 315.051923 -1.904897 -22.833312
20 -1 11.245996 318.127636 322.814503 111.449919 89.370454
24 -1 13.573317 213.375184 470.861468 -168.771811 -60.262080
25 -1 12.928504 699.708558 497.832969 195.383618 156.675957

1
10
0 0 46.733754 521.944610 355.286031 17.063743 13.683226
1 1 50.336953 468.760176 438.574173 24.193936 -5.284759
4 -1 16.911868 424.223967 93.669795 -4.588038 0.351799
6 -1 20.904680 659.758515 68.738949 0.105132 1.248897
7 -1 36.042972 145.407504 408.785112 -19.552078 -23.873307
9 -1 17.302781 607.301583 101.916828 -1.434507 -3.222653
10 -1 18.867475 469.323111 152.042210 2.388380 1.140408
13 -1 24.554299 772.619302 292.218611 -1.904897 -22.833312
25 -1 12.928504 679.050806 349.634056 -195.383618 -156.675957
27 -1 18.109548 718.342159 481.407741 210.077529 71.549863
