0
1
12
0 0 50.000000 164.716190 54.910992 0.000000 0.000000
1 1 50.000000 635.283810 460.089008 0.000000 0.000000
2 -1 18.297406 224.007368 459.827546 6.653014 6.369891
3 -1 18.297406 575.992632 55.172454 -6.653014 -6.369891
4 -1 20.748619 284.084398 199.947859 -0.215455 0.166132
5 -1 20.748619 515.915602 315.052141 0.215455 -0.166132
6 -1 18.181387 778.014668 363.450062 2.831368 1.569464
7 -1 18.181387 21.985332 151.549938 -2.831368 -1.569464
8 -1 20.191275 507.856907 49.732132 7.355447 2.871027
9 -1 20.191275 292.143093 465.267868 -7.355447 -2.871027
10 -1 20.058557 358.058752 42.431858 0.554112 6.350346
11 -1 20.058557 441.941248 472.568142 -0.554112 -6.350346
1
14
0 0 48.304589 179.001842 54.953729 14.285651 0.042737
1 1 48.304589 621.024866 460.963184 -14.258944 0.874176
2 -1 18.297406 230.660382 466.197437 6.653014 6.369891
3 -1 18.297406 569.339618 48.802563 -6.653014 -6.369891
4 -1 20.748619 283.868942 200.113991 -0.215455 0.166132
5 -1 20.748619 516.131058 314.886009 0.215455 -0.166132
6 -1 18.181387 780.846036 365.019526 2.831368 1.569464
7 -1 18.181387 19.153964 149.980474 -2.831368 -1.569464
8 -1 20.191275 515.212353 52.603159 7.355447 2.871027
9 -1 20.191275 284.787647 462.396841 -7.355447 -2.871027
10 -1 20.058557 358.612864 48.782204 0.554112 6.350346
11 -1 20.058557 441.387136 466.217796 -0.554112 -6.350346
12 -1 12.909945 96.497300 54.206787 199.999105 -0.598318
13 -1 12.909945 703.942777 445.684671 -199.625199 -12.238457
1
12
0 0 50.000000 200.168087 54.903933 26.666549 0.000000
1 1 50.000000 602.062856 459.885111 -26.616695 0.000000
2 -1 18.297406 237.313396 472.567328 6.653014 6.369891
3 -1 18.297406 562.686604 42.432672 -6.653014 -6.369891
4 -1 20.748619 283.653487 200.280124 -0.215455 0.166132
5 -1 20.748619 516.346513 314.719876 0.215455 -0.166132
6 -1 18.181387 779.959812 366.588990 -2.831368 1.569464
7 -1 18.181387 20.040188 148.411010 2.831368 -1.569464
8 -1 20.191275 522.567800 55.474185 7.355447 2.871027
9 -1 20.191275 277.432200 459.525815 -7.355447 -2.871027
10 -1 20.058557 359.166976 55.132551 0.554112 6.350346
11 -1 20.058557 440.833024 459.867449 -0.554112 -6.350346
1
11
0 0 50.000000 226.834636 54.903933 26.666549 0.000000
1 1 48.304589 561.160660 459.807090 -40.902197 -0.078021
4 -1 20.748619 283.438032 200.446256 -0.215455 0.166132
5 -1 20.748619 516.561968 314.553744 0.215455 -0.166132
6 -1 18.181387 777.128444 368.158454 -2.831368 1.569464
7 -1 18.181387 22.871556 146.841546 2.831368 -1.569464
8 -1 27.248535 541.696740 48.297775 1.038850 -1.295823
9 -1 27.248535 258.303260 466.702225 -1.038850 1.295823
10 -1 20.058557 359.721088 61.482897 0.554112 6.350346
11 -1 20.058557 440.278912 453.517103 -0.554112 -6.350346
15 -1 12.909945 763.342805 461.170706 -173.380323 1.092289
1
11
0 0 50.000000 253.501185 54.903933 26.666549 0.000000
1 1 46.666666 505.975728 460.020835 -55.184932 0.213744
4 -1 20.748619 283.222577 200.612388 -0.215455 0.166132
5 -1 20.748619 516.777423 314.387612 0.215455 -0.166132
6 -1 18.181387 774.297076 369.727918 -2.831368 1.569464
7 -1 18.181387 25.702924 145.272082 2.831368 -1.569464
8 -1 27.248535 542.735590 47.001951 1.038850 -1.295823
9 -1 27.248535 257.264410 467.998049 -1.038850 1.295823
10 -1 20.058557 360.275200 67.833243 0.554112 6.350346
11 -1 20.058557 439.724800 447.166757 -0.554112 -6.350346
15 -1 17.950550 669.348085 458.730646 -12.893780 -1.444617
1
10
0 0 50.000000 280.167733 54.903933 26.666549 0.000000
1 1 50.794916 448.978751 457.206500 -46.665775 -0.809863
4 -1 20.748619 283.007122 200.778520 -0.215455 0.166132
5 -1 20.748619 516.992878 314.221480 0.215455 -0.166132
6 -1 18.181387 771.465708 371.297382 -2.831368 1.569464
7 -1 18.181387 28.534292 143.702618 2.831368 -1.569464
8 -1 27.248535 543.774440 45.706128 1.038850 -1.295823
9 -1 27.248535 256.225560 469.293872 -1.038850 1.295823
10 -1 20.058557 360.829312 74.183589 0.554112 6.350346
15 -1 17.950550 656.454305 457.286029 -12.893780 -1.444617
1
9
0 0 53.873423 314.396308 58.456963 23.046640 0.880334
1 1 49.072551 388.053863 457.268054 -60.924888 0.061553
4 -1 20.748619 282.791667 200.944653 -0.215455 0.166132
5 -1 20.748619 517.208333 314.055347 0.215455 -0.166132
6 -1 18.181387 768.634340 372.866846 -2.831368 1.569464
7 -1 18.181387 31.365660 142.133154 2.831368 -1.569464
8 -1 27.248535 544.813290 44.410305 1.038850 -1.295823
9 -1 27.248535 255.186710 470.589695 -1.038850 1.295823
15 -1 22.231295 641.566443 451.025349 44.829338 -5.469638
1
8
0 0 53.873423 339.092799 75.504171 23.046640 21.052372
1 1 56.130187 309.929950 458.858356 -46.811902 -0.352426
4 -1 20.748619 282.576212 201.110785 -0.215455 0.166132
5 -1 20.748619 517.423788 313.889215 0.215455 -0.166132
6 -1 18.181387 765.802972 374.436310 -2.831368 1.569464
7 -1 18.181387 34.197028 140.563690 2.831368 -1.569464
8 -1 27.248535 545.852140 43.114482 1.038850 -1.295823
15 -1 22.231295 686.395781 445.555711 44.829338 -5.469638
1
8
0 0 52.046671 348.745623 101.525179 9.652824 26.021007
1 1 56.130187 261.814533 436.305278 -46.811902 -23.519976
4 -1 20.748619 282.360757 201.276917 -0.215455 0.166132
5 -1 20.748619 517.639243 313.723083 0.215455 -0.166132
6 -1 18.181387 762.971604 376.005774 -2.831368 1.569464
7 -1 18.181387 37.028396 138.994226 2.831368 -1.569464
8 -1 30.593666 554.853554 36.012329 44.352308 -11.055911
15 -1 22.231295 731.225119 440.086073 44.829338 -5.469638
1
9
0 0 50.281861 344.357730 124.911814 -4.387894 23.386635
1 1 56.130187 215.002632 412.785303 -46.811902 -23.519976
4 -1 20.748619 282.145302 201.443049 -0.215455 0.166132
5 -1 20.748619 517.854698 313.556951 0.215455 -0.166132
6 -1 18.181387 760.140236 377.575238 -2.831368 1.569464
7 -1 18.181387 39.859764 137.424762 2.831368 -1.569464
8 -1 30.593666 599.205862 36.230923 44.352308 11.055911
15 -1 22.231295 776.054457 434.616435 44.829338 -5.469638
21 -1 13.438393 591.180084 171.221555 206.222853 62.902218
1
9
0 0 50.281861 339.969836 148.298449 -4.387894 23.386635
1 1 56.130187 168.190730 389.265327 -46.811902 -23.519976
4 -1 20.748619 281.929847 201.609182 -0.215455 0.166132
5 -1 20.748619 518.070153 313.390818 0.215455 -0.166132
6 -1 18.181387 757.308868 379.144702 -2.831368 1.569464
7 -1 18.181387 42.691132 135.855298 2.831368 -1.569464
8 -1 30.593666 643.558170 47.286834 44.352308 11.055911
15 -1 22.231295 734.653604 429.146797 -44.829338 -5.469638
21 -1 13.438393 775.720268 234.123774 -206.222853 62.902218
1
8
0 0 54.394584 327.744141 176.063253 -3.780798 20.008020
1 1 56.130187 121.378828 365.745351 -46.811902 -23.519976
5 -1 20.748619 518.285608 313.224686 0.215455 -0.166132
6 -1 18.181387 754.477499 380.714166 -2.831368 1.569464
7 -1 18.181387 45.522501 134.285834 2.831368 -1.569464
8 -1 30.593666 687.910478 58.342744 44.352308 11.055911
15 -1 22.231295 689.824266 423.677158 -44.829338 -5.469638
21 -1 13.438393 569.497415 297.025992 -206.222853 62.902218
1
7
0 0 52.550160 335.827189 188.113208 8.083049 12.049955
1 1 57.860602 77.590931 341.442277 -54.062616 -14.391038
5 -1 24.720347 472.628669 326.909432 -60.791005 18.471769
6 -1 18.181387 751.646131 382.283630 -2.831368 1.569464
7 -1 18.181387 48.353869 132.716370 2.831368 -1.569464
8 -1 30.593666 732.262787 69.398655 44.352308 11.055911
15 -1 22.231295 644.994928 418.207520 -44.829338 -5.469638
1
8
0 0 50.768278 338.007903 213.172549 2.180713 25.059340
1 1 57.860602 92.192899 327.051239 54.062616 -14.391038
5 -1 24.720347 411.837664 345.381201 -60.791005 18.471769
6 -1 18.181387 748.814763 383.853094 -2.831368 1.569464
7 -1 18.181387 51.185237 131.146906 2.831368 -1.569464
8 -1 30.593666 762.197564 80.454566 -44.352308 11.055911
15 -1 22.231295 600.165590 412.737882 -44.829338 -5.469638
23 -1 13.568393 441.912561 42.981341 90.715739 170.081422
1
9
0 0 49.046816 328.593951 246.577270 -9.413952 33.404721
1 1 57.860602 146.255515 312.660200 54.062616 -14.391038
5 -1 24.720347 351.046659 363.852970 -60.791005 18.471769
6 -1 18.181387 745.983395 385.422558 -2.831368 1.569464
7 -1 18.181387 54.016605 129.577442 2.831368 -1.569464
8 -1 30.593666 717.845256 91.510476 -44.352308 11.055911
15 -1 22.231295 555.336252 407.268244 -44.829338 -5.469638
23 -1 13.568393 532.628299 213.062763 90.715739 170.081422
24 -1 13.108313 531.682569 100.402127 164.506023 -91.775988
1
10
0 0 47.383726 305.213488 282.985031 -23.380462 36.407761
1 1 57.860602 200.318130 298.269162 54.062616 -14.391038
5 -1 24.720347 290.255653 382.324739 -60.791005 18.471769
6 -1 18.181387 743.152027 386.992022 -2.831368 1.569464
7 -1 18.181387 56.847973 128.007978 2.831368 -1.569464
8 -1 30.593666 673.492948 102.566387 -44.352308 11.055911
15 -1 22.231295 510.506914 401.798606 -44.829338 -5.469638
23 -1 13.568393 623.344038 383.144185 90.715739 170.081422
24 -1 13.108313 696.188592 17.590498 164.506023 91.775988
25 -1 12.663834 548.655228 230.640866 186.117179 -8.637838
