1
1
12
1 1 50.000000 160.763462 146.423785 0.000000 0.000000
0 0 50.000000 639.236538 368.576215 0.000000 0.000000
2 -1 17.718652 42.442331 315.885849 -1.539609 3.618642
3 -1 17.718652 757.557669 199.114151 1.539609 -3.618642
4 -1 23.458033 656.029024 133.491998 1.809937 7.233040
5 -1 23.458033 143.970976 381.508002 -1.809937 -7.233040
6 -1 22.658795 586.621910 98.936970 0.495031 2.716240
7 -1 22.658795 213.378090 416.063030 -0.495031 -2.716240
8 -1 15.692989 699.188690 42.836990 2.826338 2.375584
9 -1 15.692989 100.811310 472.163010 -2.826338 -2.375584
10 -1 17.688804 758.770505 117.900079 -6.301978 3.154689
11 -1 17.688804 41.229495 397.099921 6.301978 -3.154689
1
13
1 1 48.304589 154.978200 159.485653 -5.785262 13.061868
0 0 50.000000 639.236538 368.576215 0.000000 0.000000
2 -1 17.718652 40.902722 319.504491 -1.539609 3.618642
3 -1 17.718652 759.097278 195.495509 1.539609 -3.618642
4 -1 23.458033 657.838961 140.725038 1.809937 7.233040
5 -1 23.458033 142.161039 374.274962 -1.809937 -7.233040
6 -1 22.658795 587.116941 101.653210 0.495031 2.716240
7 -1 22.658795 212.883059 413.346790 -0.495031 -2.716240
8 -1 15.692989 702.015027 45.212574 2.826338 2.375584
9 -1 15.692989 97.984973 469.787426 -2.826338 -2.375584
10 -1 17.688804 752.468527 121.054767 -6.301978 3.154689
11 -1 17.688804 47.531473 393.945233 6.301978 -3.154689
12 -1 12.909945 256.090834 94.624669 80.993662 182.866144
1
13
1 1 48.304589 149.192938 172.547521 -5.785262 13.061868
0 0 50.000000 639.236538 368.576215 0.000000 0.000000
2 -1 17.718652 39.363113 323.123133 -1.539609 3.618642
3 -1 17.718652 760.636887 191.876867 1.539609 -3.618642
4 -1 23.458033 659.648897 147.958078 1.809937 7.233040
5 -1 23.458033 140.351103 367.041922 -1.809937 -7.233040
6 -1 22.658795 587.611973 104.369451 0.495031 2.716240
7 -1 22.658795 212.388027 410.630549 -0.495031 -2.716240
8 -1 15.692989 704.841365 47.588158 2.826338 2.375584
9 -1 15.692989 95.158635 467.411842 -2.826338 -2.375584
10 -1 17.688804 746.166548 124.209456 -6.301978 3.154689
11 -1 17.688804 53.833452 390.790544 6.301978 -3.154689
12 -1 12.909945 337.084496 277.490814 80.993662 182.866144
1
13
1 1 48.304589 143.407676 185.609389 -5.785262 13.061868
0 0 50.000000 639.236538 368.576215 0.000000 0.000000
2 -1 17.718652 37.823504 326.741774 -1.539609 3.618642
3 -1 17.718652 762.176496 188.258226 1.539609 -3.618642
4 -1 23.458033 661.458834 155.191118 1.809937 7.233040
5 -1 23.458033 138.541166 359.808882 -1.809937 -7.233040
6 -1 22.658795 588.107004 107.085691 0.495031 2.716240
7 -1 22.658795 211.892996 407.914309 -0.495031 -2.716240
8 -1 15.692989 707.667703 49.963742 2.826338 2.375584
9 -1 15.692989 92.332297 465.036258 -2.826338 -2.375584
10 -1 17.688804 739.864570 127.364145 -6.301978 3.154689
11 -1 17.688804 60.135430 387.635855 6.301978 -3.154689
12 -1 12.909945 418.078159 460.356958 80.993662 182.866144
1
13
1 1 48.304589 137.622415 198.671258 -5.785262 13.061868
0 0 50.000000 639.236538 368.576215 0.000000 0.000000
2 -1 17.718652 36.283895 330.360416 -1.539609 3.618642
3 -1 17.718652 763.716105 184.639584 1.539609 -3.618642
4 -1 23.458033 663.268771 162.424158 1.809937 7.233040
5 -1 23.458033 136.731229 352.575842 -1.809937 -7.233040
6 -1 22.658795 588.602036 109.801931 0.495031 2.716240
7 -1 22.658795 211.397964 405.198069 -0.495031 -2.716240
8 -1 15.692989 710.494041 52.339326 2.826338 2.375584
9 -1 15.692989 89.505959 462.660674 -2.826338 -2.375584
10 -1 17.688804 733.562592 130.518833 -6.301978 3.154689
11 -1 17.688804 66.437408 384.481167 6.301978 -3.154689
12 -1 12.909945 499.071821 360.956999 80.993662 -182.866144
1
13
1 1 48.304589 131.837153 211.733126 -5.785262 13.061868
0 0 50.000000 639.236538 368.576215 0.000000 0.000000
2 -1 17.718652 34.744286 333.979057 -1.539609 3.618642
3 -1 17.718652 765.255714 181.020943 1.539609 -3.618642
4 -1 23.458033 665.078707 169.657198 1.809937 7.233040
5 -1 23.458033 134.921293 345.342802 -1.809937 -7.233040
6 -1 22.658795 589.097067 112.518172 0.495031 2.716240
7 -1 22.658795 210.902933 402.481828 -0.495031 -2.716240
8 -1 15.692989 713.320379 54.714910 2.826338 2.375584
9 -1 15.692989 86.679621 460.285090 -2.826338 -2.375584
10 -1 17.688804 727.260613 133.673522 -6.301978 3.154689
11 -1 17.688804 72.739387 381.326478 6.301978 -3.154689
12 -1 12.909945 580.065483 178.090854 80.993662 -182.866144
1
12
1 1 48.304589 126.051891 224.794994 -5.785262 13.061868
0 0 50.000000 639.236538 368.576215 0.000000 0.000000
2 -1 17.718652 33.204677 337.597699 -1.539609 3.618642
3 -1 17.718652 766.795323 177.402301 1.539609 -3.618642
4 -1 23.458033 666.888644 176.890238 1.809937 7.233040
5 -1 23.458033 133.111356 338.109762 -1.809937 -7.233040
6 -1 26.078490 607.106275 85.824059 20.222546 -42.763778
7 -1 22.658795 210.407902 399.765588 -0.495031 -2.716240
8 -1 15.692989 716.146717 57.090494 2.826338 2.375584
9 -1 15.692989 83.853283 457.909506 -2.826338 -2.375584
10 -1 17.688804 720.958635 136.828211 -6.301978 3.154689
11 -1 17.688804 79.041365 378.171789 6.301978 -3.154689
1
12
1 1 48.304589 120.266629 237.856862 -5.785262 13.061868
0 0 50.000000 639.236538 368.576215 0.000000 0.000000
2 -1 17.718652 31.665068 341.216340 -1.539609 3.618642
3 -1 17.718652 768.334932 173.783660 1.539609 -3.618642
4 -1 23.458033 668.698581 184.123278 1.809937 7.233040
5 -1 23.458033 131.301419 330.876722 -1.809937 -7.233040
6 -1 26.078490 627.328821 43.060281 20.222546 -42.763778
7 -1 22.658795 209.912870 397.049348 -0.495031 -2.716240
8 -1 15.692989 718.973055 59.466078 2.826338 2.375584
9 -1 15.692989 81.026945 455.533922 -2.826338 -2.375584
10 -1 17.688804 714.656656 139.982899 -6.301978 3.154689
11 -1 17.688804 85.343344 375.017101 6.301978 -3.154689
1
12
1 1 48.304589 114.481367 250.918730 -5.785262 13.061868
0 0 50.000000 639.236538 368.576215 0.000000 0.000000
2 -1 17.718652 30.125460 344.834982 -1.539609 3.618642
3 -1 17.718652 769.874540 170.165018 1.539609 -3.618642
4 -1 23.458033 670.508517 191.356318 1.809937 7.233040
5 -1 23.458033 129.491483 323.643682 -1.809937 -7.233040
6 -1 26.078490 647.551367 51.860488 20.222546 42.763778
7 -1 22.658795 209.417839 394.333107 -0.495031 -2.716240
8 -1 15.692989 721.799392 61.841662 2.826338 2.375584
9 -1 15.692989 78.200608 453.158338 -2.826338 -2.375584
10 -1 17.688804 708.354678 143.137588 -6.301978 3.154689
11 -1 17.688804 91.645322 371.862412 6.301978 -3.154689
1
11
1 1 53.699280 112.319093 273.985815 -5.026651 9.188994
0 0 50.000000 639.236538 368.576215 0.000000 0.000000
2 -1 17.718652 28.585851 348.453624 -1.539609 3.618642
3 -1 17.718652 771.414149 166.546376 1.539609 -3.618642
4 -1 23.458033 672.318454 198.589358 1.809937 7.233040
6 -1 26.078490 667.773913 94.624266 20.222546 42.763778
7 -1 22.658795 208.922807 391.616867 -0.495031 -2.716240
8 -1 15.692989 724.625730 64.217246 2.826338 2.375584
9 -1 15.692989 75.374270 450.782754 -2.826338 -2.375584
10 -1 17.688804 702.052699 146.292277 -6.301978 3.154689
11 -1 17.688804 97.947301 368.707723 6.301978 -3.154689
1
10
1 1 53.699280 107.292442 283.174809 -5.026651 9.188994
0 0 50.000000 639.236538 368.576215 0.000000 0.000000
2 -1 17.718652 27.046242 352.072265 -1.539609 3.618642
3 -1 17.718652 772.953758 162.927735 1.539609 -3.618642
4 -1 23.458033 674.128391 205.822398 1.809937 7.233040
6 -1 31.511608 690.439869 141.187875 11.864526 30.282742
7 -1 22.658795 208.427776 388.900627 -0.495031 -2.716240
8 -1 15.692989 727.452068 66.592831 2.826338 2.375584
9 -1 15.692989 72.547932 448.407169 -2.826338 -2.375584
11 -1 17.688804 104.249279 365.553035 6.301978 -3.154689
1
8
1 1 56.537655 103.076824 299.219217 -3.917735 7.980718
0 0 50.000000 639.236538 368.576215 0.000000 0.000000
2 -1 17.718652 25.506633 355.690907 -1.539609 3.618642
3 -1 17.718652 774.493367 159.309093 1.539609 -3.618642
6 -1 39.284357 692.903066 186.298485 8.279369 22.063927
7 -1 22.658795 207.932745 386.184387 -0.495031 -2.716240
8 -1 15.692989 730.278406 68.968415 2.826338 2.375584
9 -1 15.692989 69.721594 446.031585 -2.826338 -2.375584
1
8
1 1 56.537655 99.159088 307.199935 -3.917735 7.980718
0 0 50.000000 639.236538 368.576215 0.000000 0.000000
2 -1 17.718652 23.967024 359.309548 -1.539609 3.618642
3 -1 17.718652 776.032976 155.690452 1.539609 -3.618642
6 -1 39.284357 701.182435 208.362412 8.279369 22.063927
7 -1 22.658795 207.437713 383.468146 -0.495031 -2.716240
8 -1 15.692989 733.104744 71.343999 2.826338 2.375584
9 -1 15.692989 66.895256 443.656001 -2.826338 -2.375584
1
8
1 1 56.537655 95.241353 315.180653 -3.917735 7.980718
0 0 50.000000 639.236538 368.576215 0.000000 0.000000
2 -1 17.718652 22.427415 362.928190 -1.539609 3.618642
3 -1 17.718652 777.572585 152.071810 1.539609 -3.618642
6 -1 39.284357 709.461804 230.426339 8.279369 22.063927
7 -1 22.658795 206.942682 380.751906 -0.495031 -2.716240
8 -1 15.692989 735.931082 73.719583 2.826338 2.375584
9 -1 15.692989 64.068918 441.280417 -2.826338 -2.375584
1
8
1 1 56.537655 91.323618 323.161372 -3.917735 7.980718
0 0 50.000000 639.236538 368.576215 0.000000 0.000000
2 -1 17.718652 20.887806 366.546831 -1.539609 3.618642
3 -1 17.718652 779.112194 148.453169 1.539609 -3.618642
6 -1 39.284357 717.741173 252.490266 8.279369 22.063927
7 -1 22.658795 206.447651 378.035666 -0.495031 -2.716240
8 -1 15.692989 738.757419 76.095167 2.826338 2.375584
9 -1 15.692989 61.242581 438.904833 -2.826338 -2.375584
1
8
1 1 56.537655 87.405883 331.142090 -3.917735 7.980718
0 0 50.000000 639.236538 368.576215 0.000000 0.000000
2 -1 17.718652 19.348197 370.165473 -1.539609 3.618642
3 -1 17.718652 780.651803 144.834527 1.539609 -3.618642
6 -1 39.284357 726.020541 274.554193 8.279369 22.063927
7 -1 22.658795 205.952619 375.319425 -0.495031 -2.716240
8 -1 15.692989 741.583757 78.470751 2.826338 2.375584
9 -1 15.692989 58.416243 436.529249 -2.826338 -2.375584
1
8
1 1 56.537655 83.488148 339.122808 -3.917735 7.980718
0 0 50.000000 639.236538 368.576215 0.000000 0.000000
2 -1 17.718652 17.808588 373.784114 -1.539609 3.618642
3 -1 17.718652 782.191412 141.215886 1.539609 -3.618642
6 -1 39.284357 734.299910 296.618120 8.279369 22.063927
7 -1 22.658795 205.457588 372.603185 -0.495031 -2.716240
8 -1 15.692989 744.410095 80.846335 2.826338 2.375584
9 -1 15.692989 55.589905 434.153665 -2.826338 -2.375584
1
7
1 1 59.249110 73.909178 349.813277 -3.705052 7.590605
0 0 50.000000 639.236538 368.576215 0.000000 0.000000
3 -1 17.718652 780.831666 137.597244 -1.539609 -3.618642
6 -1 39.284357 742.579279 318.682047 8.279369 22.063927
7 -1 22.658795 204.962556 369.886945 -0.495031 -2.716240
8 -1 15.692989 747.236433 83.221919 2.826338 2.375584
9 -1 15.692989 52.763567 431.778081 -2.826338 -2.375584
1
6
1 1 61.292144 68.875542 362.123706 -3.647449 6.937278
0 0 50.000000 639.236538 368.576215 0.000000 0.000000
3 -1 17.718652 779.292057 133.978602 -1.539609 -3.618642
6 -1 39.284357 750.858648 340.745974 8.279369 22.063927
7 -1 22.658795 204.467525 367.170704 -0.495031 -2.716240
8 -1 15.692989 750.062771 85.597503 2.826338 2.375584
1
6
1 1 61.292144 65.228093 369.060984 -3.647449 6.937278
0 0 50.000000 639.236538 368.576215 0.000000 0.000000
3 -1 17.718652 777.752448 130.359961 -1.539609 -3.618642
6 -1 39.284357 759.138016 362.809901 8.279369 22.063927
7 -1 22.658795 203.972494 364.454464 -0.495031 -2.716240
8 -1 15.692989 752.889109 87.973087 2.826338 2.375584
1
6
1 1 61.292144 61.580644 375.998261 -3.647449 6.937278
0 0 50.000000 639.236538 368.576215 0.000000 0.000000
3 -1 17.718652 776.212839 126.741319 -1.539609 -3.618642
6 -1 39.284357 754.013890 384.873827 -8.279369 22.063927
7 -1 22.658795 203.477462 361.738224 -0.495031 -2.716240
8 -1 15.692989 755.715446 90.348671 2.826338 2.375584
1
6
1 1 61.292144 64.651102 382.935539 3.647449 6.937278
0 0 50.000000 639.236538 368.576215 0.000000 0.000000
3 -1 17.718652 774.673231 123.122678 -1.539609 -3.618642
6 -1 39.284357 745.734521 406.937754 -8.279369 22.063927
7 -1 22.658795 202.982431 359.021983 -0.495031 -2.716240
8 -1 15.692989 758.541784 92.724255 2.826338 2.375584
1
5
1 1 61.292144 68.298551 389.872816 3.647449 6.937278
0 0 50.000000 639.236538 368.576215 0.000000 0.000000
3 -1 23.668978 767.961572 108.776084 0.379638 -0.983613
6 -1 39.284357 737.455152 429.001681 -8.279369 22.063927
7 -1 22.658795 202.487399 356.305743 -0.495031 -2.716240
1
5
1 1 61.292144 71.946000 396.810094 3.647449 6.937278
0 0 50.000000 639.236538 368.576215 0.000000 0.000000
3 -1 23.668978 768.341210 107.792471 0.379638 -0.983613
6 -1 39.284357 729.175783 451.065608 -8.279369 22.063927
7 -1 22.658795 201.992368 353.589503 -0.495031 -2.716240
1
5
1 1 61.292144 75.593448 403.747372 3.647449 6.937278
0 0 50.000000 639.236538 368.576215 0.000000 0.000000
3 -1 23.668978 768.720847 106.808859 0.379638 -0.983613
6 -1 39.284357 720.896415 473.129535 -8.279369 22.063927
7 -1 22.658795 201.497337 350.873263 -0.495031 -2.716240
1
5
1 1 61.292144 90.332222 400.309567 20.795060 -13.991578
0 0 50.000000 639.236538 368.576215 0.000000 0.000000
3 -1 23.668978 769.100485 105.825246 0.379638 -0.983613
6 -1 39.284357 712.617046 456.237813 -8.279369 -22.063927
7 -1 22.658795 201.002305 348.157022 -0.495031 -2.716240
1
5
1 1 61.292144 111.127282 386.317989 20.795060 -13.991578
0 0 50.000000 639.236538 368.576215 0.000000 0.000000
3 -1 23.668978 769.480122 104.841634 0.379638 -0.983613
6 -1 39.284357 704.337677 434.173886 -8.279369 -22.063927
7 -1 22.658795 200.507274 345.440782 -0.495031 -2.716240
1
3
1 1 65.346369 140.109127 368.767232 18.235247 -12.635889
0 0 63.586640 660.924678 385.192487 -3.160129 -8.421518
3 -1 23.668978 769.859760 103.858021 0.379638 -0.983613
1
3
1 1 65.346369 158.344374 356.131343 18.235247 -12.635889
0 0 63.586640 657.764550 376.770969 -3.160129 -8.421518
3 -1 23.668978 770.239397 102.874409 0.379638 -0.983613
1
3
1 1 65.346369 176.579621 343.495455 18.235247 -12.635889
0 0 63.586640 654.604421 368.349451 -3.160129 -8.421518
3 -1 23.668978 770.619035 101.890796 0.379638 -0.983613
1
3
1 1 65.346369 194.814868 330.859566 18.235247 -12.635889
0 0 63.586640 651.444292 359.927933 -3.160129 -8.421518
3 -1 23.668978 770.998673 100.907184 0.379638 -0.983613
1
3
1 1 65.346369 213.050115 318.223677 18.235247 -12.635889
0 0 63.586640 648.284163 351.506415 -3.160129 -8.421518
3 -1 23.668978 771.378310 99.923571 0.379638 -0.983613
1
4
1 1 63.130590 217.457907 309.177101 4.407793 -9.046576
0 0 63.586640 645.124034 343.084898 -3.160129 -8.421518
3 -1 23.668978 771.757948 98.939959 0.379638 -0.983613
14 -1 16.872360 469.644056 243.714950 211.819596 -62.886261
1
5
1 1 60.989944 208.390683 304.874530 -9.067224 -4.302571
0 0 63.586640 641.963906 334.663380 -3.160129 -8.421518
3 -1 23.668978 772.137585 97.956346 0.379638 -0.983613
14 -1 16.872360 681.463652 180.828688 211.819596 -62.886261
15 -1 16.300249 452.669528 218.873894 193.058015 -75.462640
1
6
1 1 58.921884 186.297145 306.436836 -22.093539 1.562306
0 0 63.586640 638.803777 326.241862 -3.160129 -8.421518
3 -1 23.668978 772.517223 96.972734 0.379638 -0.983613
14 -1 16.872360 672.972022 117.942427 -211.819596 -62.886261
15 -1 16.300249 645.727543 143.411254 193.058015 -75.462640
16 -1 15.747536 421.060035 200.738828 173.301170 -86.410846
1
5
1 1 58.921884 164.203606 307.999142 -22.093539 1.562306
0 0 63.586640 635.643648 317.820344 -3.160129 -8.421518
3 -1 23.668978 772.896860 95.989121 0.379638 -0.983613
14 -1 23.460065 643.458076 61.280106 -16.361439 -68.957616
16 -1 15.747536 594.361205 114.327981 173.301170 -86.410846
1
5
1 1 58.921884 142.110068 309.561448 -22.093539 1.562306
0 0 63.586640 632.483519 309.398826 -3.160129 -8.421518
3 -1 23.668978 773.276498 95.005508 0.379638 -0.983613
14 -1 23.460065 627.096637 54.597650 -16.361439 68.957616
16 -1 15.747536 767.662375 27.917135 173.301170 -86.410846
1
4
1 1 58.921884 120.016529 311.123754 -22.093539 1.562306
0 0 63.586640 629.323390 300.977309 -3.160129 -8.421518
3 -1 23.668978 773.656136 94.021896 0.379638 -0.983613
14 -1 28.255257 615.955499 113.128913 -65.109755 74.378905
1
4
1 1 58.921884 97.922991 312.686060 -22.093539 1.562306
0 0 63.586640 626.163261 292.555791 -3.160129 -8.421518
3 -1 23.668978 774.035773 93.038283 0.379638 -0.983613
14 -1 28.255257 550.845745 187.507818 -65.109755 74.378905
1
4
1 1 58.921884 75.829452 314.248366 -22.093539 1.562306
0 0 63.586640 623.003133 284.134273 -3.160129 -8.421518
3 -1 23.668978 774.415411 92.054671 0.379638 -0.983613
14 -1 28.255257 485.735990 261.886723 -65.109755 74.378905
1
4
1 1 58.921884 75.509363 314.681416 5.220960 1.562306
0 0 63.586640 619.843004 275.712755 -3.160129 -8.421518
3 -1 23.668978 774.795048 91.071058 0.379638 -0.983613
14 -1 28.255257 420.626235 336.265628 -65.109755 74.378905
1
4
1 1 58.921884 80.730323 316.243721 5.220960 1.562306
0 0 63.586640 616.682875 267.291237 -3.160129 -8.421518
3 -1 23.668978 775.174686 90.087446 0.379638 -0.983613
14 -1 28.255257 355.516481 410.644533 -65.109755 74.378905
1
4
1 1 58.921884 85.951283 317.806027 5.220960 1.562306
0 0 63.586640 613.522746 258.869720 -3.160129 -8.421518
3 -1 23.668978 775.554323 89.103833 0.379638 -0.983613
14 -1 28.255257 290.406726 485.023438 -65.109755 74.378905
1
4
1 1 58.921884 91.172243 319.368333 5.220960 1.562306
0 0 63.586640 610.362617 250.448202 -3.160129 -8.421518
3 -1 23.668978 775.933961 88.120221 0.379638 -0.983613
14 -1 28.255257 225.296972 414.087133 -65.109755 -74.378905
1
3
1 1 65.346369 108.320321 324.441353 -7.928279 -12.635889
0 0 63.586640 607.202488 242.026684 -3.160129 -8.421518
3 -1 23.668978 776.313598 87.136608 0.379638 -0.983613
1
3
1 1 65.346369 100.392042 311.805464 -7.928279 -12.635889
0 0 63.586640 604.042360 233.605166 -3.160129 -8.421518
3 -1 23.668978 775.968798 86.152996 -0.379638 -0.983613
1
3
1 1 65.346369 92.463762 299.169576 -7.928279 -12.635889
0 0 63.586640 600.882231 225.183648 -3.160129 -8.421518
3 -1 23.668978 775.589161 85.169383 -0.379638 -0.983613
1
3
1 1 65.346369 84.535483 286.533687 -7.928279 -12.635889
0 0 63.586640 597.722102 216.762131 -3.160129 -8.421518
3 -1 23.668978 775.209523 84.185771 -0.379638 -0.983613
1
3
1 1 65.346369 76.607203 273.897799 -7.928279 -12.635889
0 0 63.586640 594.561973 208.340613 -3.160129 -8.421518
3 -1 23.668978 774.829886 83.202158 -0.379638 -0.983613
1
4
1 1 63.130590 78.452060 271.681482 1.844856 -2.216317
0 0 63.586640 591.401844 199.919095 -3.160129 -8.421518
3 -1 23.668978 774.450248 82.218546 -0.379638 -0.983613
18 -1 16.872360 133.535853 81.648551 144.752171 -158.509884
1
5
1 1 60.989944 89.647512 280.265535 11.195453 8.584053
0 0 63.586640 588.241716 191.497577 -3.160129 -8.421518
3 -1 23.668978 774.070611 81.234933 -0.379638 -0.983613
18 -1 16.872360 278.288025 110.606064 144.752171 158.509884
19 -1 16.300249 112.463207 84.473423 129.063489 -153.421493
1
5
1 1 60.989944 100.842965 288.849589 11.195453 8.584053
0 0 63.586640 585.081587 183.076060 -3.160129 -8.421518
3 -1 23.668978 773.690973 80.251320 -0.379638 -0.983613
18 -1 16.872360 423.040196 269.115949 144.752171 158.509884
19 -1 16.300249 241.526695 101.548577 129.063489 153.421493
1
5
1 1 60.989944 112.038418 297.433642 11.195453 8.584053
0 0 63.586640 581.921458 174.654542 -3.160129 -8.421518
3 -1 23.668978 773.311335 79.267708 -0.379638 -0.983613
18 -1 16.872360 567.792367 427.625833 144.752171 158.509884
19 -1 16.300249 370.590184 254.970070 129.063489 153.421493
1
5
1 1 60.989944 123.233871 306.017696 11.195453 8.584053
0 0 63.586640 578.761329 166.233024 -3.160129 -8.421518
3 -1 23.668978 772.931698 78.284095 -0.379638 -0.983613
18 -1 16.872360 712.544538 410.119552 144.752171 -158.509884
19 -1 16.300249 499.653673 408.391562 129.063489 153.421493
1
5
1 1 60.989944 134.429324 314.601749 11.195453 8.584053
0 0 63.586640 575.601200 157.811506 -3.160129 -8.421518
3 -1 23.668978 772.552060 77.300483 -0.379638 -0.983613
18 -1 16.872360 708.958560 251.609668 -144.752171 -158.509884
19 -1 16.300249 628.717162 435.586438 129.063489 -153.421493
1
4
1 1 60.989944 145.624777 323.185803 11.195453 8.584053
0 0 65.787060 571.899423 145.687416 -12.473557 -18.293804
3 -1 23.668978 772.172423 76.316870 -0.379638 -0.983613
19 -1 16.300249 757.780650 282.164945 129.063489 -153.421493
1
4
1 1 60.989944 156.820229 331.769856 11.195453 8.584053
0 0 65.787060 559.425866 127.393612 -12.473557 -18.293804
3 -1 23.668978 771.792785 75.333258 -0.379638 -0.983613
19 -1 16.300249 680.555354 128.743452 -129.063489 -153.421493
1
3
1 1 60.989944 168.015682 340.353909 11.195453 8.584053
0 0 67.776363 547.214879 106.102440 -19.217175 -8.361708
3 -1 23.668978 771.413148 74.349645 -0.379638 -0.983613
1
3
1 1 60.989944 179.211135 348.937963 11.195453 8.584053
0 0 67.776363 527.997704 97.740732 -19.217175 -8.361708
3 -1 23.668978 771.033510 73.366033 -0.379638 -0.983613
1
3
1 1 60.989944 190.406588 357.522016 11.195453 8.584053
0 0 67.776363 508.780528 89.379024 -19.217175 -8.361708
3 -1 23.668978 770.653872 72.382420 -0.379638 -0.983613
1
4
1 1 58.921884 188.760724 359.846498 -1.645864 2.324482
0 0 67.776363 489.563353 81.017316 -19.217175 -8.361708
3 -1 23.668978 770.274235 71.398808 -0.379638 -0.983613
20 -1 15.747536 420.189547 472.657773 190.973878 96.218053
1
5
1 1 56.923947 174.527582 355.415087 -14.233142 -4.431411
0 0 67.776363 470.346178 72.655608 -19.217175 -8.361708
3 -1 23.668978 769.894597 70.415195 -0.379638 -0.983613
20 -1 15.747536 611.163425 429.629092 190.973878 -96.218053
21 -1 15.213565 400.088153 476.478832 174.576019 96.906975
1
5
1 1 56.923947 160.294440 350.983676 -14.233142 -4.431411
0 0 67.776363 451.129002 71.258836 -19.217175 8.361708
3 -1 23.668978 769.514960 69.431583 -0.379638 -0.983613
20 -1 15.747536 766.367615 333.411039 -190.973878 -96.218053
21 -1 15.213565 574.664172 426.187053 174.576019 -96.906975
1
5
1 1 56.923947 146.061298 346.552265 -14.233142 -4.431411
0 0 67.776363 431.911827 79.620544 -19.217175 8.361708
3 -1 23.668978 769.135322 68.447970 -0.379638 -0.983613
20 -1 15.747536 575.393737 237.192987 -190.973878 -96.218053
21 -1 15.213565 749.240191 329.280078 174.576019 -96.906975
1
4
1 1 56.923947 131.828156 342.120854 -14.233142 -4.431411
0 0 69.581753 411.246434 90.696506 -28.014451 3.005195
3 -1 23.668978 768.755685 67.464358 -0.379638 -0.983613
21 -1 15.213565 645.756649 232.373103 -174.576019 -96.906975
1
4
1 1 56.923947 117.595014 337.689443 -14.233142 -4.431411
0 0 69.581753 383.231983 93.701701 -28.014451 3.005195
3 -1 23.668978 768.376047 66.480745 -0.379638 -0.983613
21 -1 15.213565 471.180630 135.466129 -174.576019 -96.906975
1
3
1 1 56.923947 103.361872 333.258032 -14.233142 -4.431411
0 0 71.225507 352.543391 94.053979 -34.701138 -1.553172
3 -1 23.668978 767.996409 65.497132 -0.379638 -0.983613
1
3
1 1 56.923947 89.128730 328.826621 -14.233142 -4.431411
0 0 71.225507 317.842253 92.500807 -34.701138 -1.553172
3 -1 23.668978 767.616772 64.513520 -0.379638 -0.983613
1
3
1 1 56.923947 74.895587 324.395210 -14.233142 -4.431411
0 0 71.225507 283.141115 90.947635 -34.701138 -1.553172
3 -1 23.668978 767.237134 63.529907 -0.379638 -0.983613
1
3
1 1 56.923947 60.662445 319.963799 -14.233142 -4.431411
0 0 71.225507 248.439977 89.394463 -34.701138 -1.553172
3 -1 23.668978 766.857497 62.546295 -0.379638 -0.983613
1
4
1 1 54.993758 66.689752 329.470651 17.364672 9.506852
0 0 71.225507 213.738838 87.841291 -34.701138 -1.553172
3 -1 23.668978 766.477859 61.562682 -0.379638 -0.983613
22 -1 14.697700 99.103906 81.080727 29.608278 -199.567081
1
3
1 1 54.993758 84.054425 338.977503 17.364672 9.506852
0 0 72.726166 176.982256 88.803787 -32.074550 6.661178
3 -1 23.668978 766.098222 60.579070 -0.379638 -0.983613
1
3
1 1 54.993758 101.419097 348.484355 17.364672 9.506852
0 0 72.726166 144.907706 95.464965 -32.074550 6.661178
3 -1 23.668978 765.718584 59.595457 -0.379638 -0.983613
1
3
1 1 54.993758 118.783769 357.991207 17.364672 9.506852
0 0 72.726166 112.833156 102.126143 -32.074550 6.661178
3 -1 23.668978 765.338947 58.611845 -0.379638 -0.983613
1
3
1 1 54.993758 136.148441 367.498059 17.364672 9.506852
0 0 72.726166 80.758606 108.787321 -32.074550 6.661178
3 -1 23.668978 764.959309 57.628232 -0.379638 -0.983613
1
3
1 1 54.993758 153.513113 377.004911 17.364672 9.506852
0 0 72.726166 96.768287 115.448500 32.074550 6.661178
3 -1 23.668978 764.579671 56.644620 -0.379638 -0.983613
1
3
1 1 54.993758 170.877786 386.511762 17.364672 9.506852
0 0 72.726166 128.842837 122.109678 32.074550 6.661178
3 -1 23.668978 764.200034 55.661007 -0.379638 -0.983613
1
4
1 1 53.129017 181.202706 383.587864 10.324920 -2.923898
0 0 72.726166 160.917387 128.770856 32.074550 6.661178
3 -1 23.668978 763.820396 54.677395 -0.379638 -0.983613
23 -1 14.199328 305.982851 397.677462 115.921191 -183.537345
1
5
1 1 51.327507 182.445825 369.636612 1.243119 -13.951252
0 0 72.726166 192.991937 135.432034 32.074550 6.661178
3 -1 23.668978 763.440759 53.693782 -0.379638 -0.983613
23 -1 14.199328 421.904042 214.140117 115.921191 -183.537345
24 -1 13.717854 342.582277 438.485923 137.470134 -151.459050
1
5
1 1 51.327507 183.688944 355.685360 1.243119 -13.951252
0 0 72.726166 225.066487 142.093212 32.074550 6.661178
3 -1 23.668978 763.061121 52.710170 -0.379638 -0.983613
23 -1 14.199328 537.825234 30.602772 115.921191 -183.537345
24 -1 13.717854 480.052411 287.026873 137.470134 -151.459050
1
5
1 1 51.327507 184.932063 341.734107 1.243119 -13.951252
0 0 72.726166 257.141037 148.754390 32.074550 6.661178
3 -1 23.668978 762.681484 51.726557 -0.379638 -0.983613
23 -1 14.199328 653.746425 181.333238 115.921191 183.537345
24 -1 13.717854 617.522545 135.567823 137.470134 -151.459050
1
4
1 1 51.327507 186.175182 327.782855 1.243119 -13.951252
0 0 72.726166 289.215588 155.415568 32.074550 6.661178
3 -1 27.356901 760.464011 48.878247 34.281642 37.346939
23 -1 14.199328 769.667617 364.870583 115.921191 183.537345
1
4
1 1 51.327507 187.418301 313.831603 1.243119 -13.951252
0 0 72.726166 321.290138 162.076746 32.074550 6.661178
3 -1 27.356901 750.540535 86.225186 -34.281642 37.346939
23 -1 14.199328 686.012527 453.193406 -115.921191 -183.537345
1
4
1 1 51.327507 188.661420 299.880350 1.243119 -13.951252
0 0 72.726166 353.364688 168.737924 32.074550 6.661178
3 -1 27.356901 716.258893 123.572125 -34.281642 37.346939
23 -1 14.199328 570.091335 269.656061 -115.921191 -183.537345
1
4
1 1 49.587083 178.819879 294.940867 -9.841541 -4.939484
0 0 73.923808 385.048527 174.159949 36.071231 1.943818
3 -1 27.356901 681.977251 160.919064 -34.281642 37.346939
23 -1 14.199328 454.170144 86.118716 -115.921191 -183.537345
1
5
1 1 47.905673 160.621928 301.588102 -18.197951 6.647235
0 0 73.923808 421.119758 176.103767 36.071231 1.943818
3 -1 27.356901 647.695608 198.266003 -34.281642 37.346939
23 -1 14.199328 338.248953 125.817294 -115.921191 183.537345
26 -1 12.803330 306.501150 99.316858 107.148201 -167.153541
1
5
1 1 47.905673 142.423977 308.235338 -18.197951 6.647235
0 0 73.923808 457.190990 178.047586 36.071231 1.943818
3 -1 27.356901 613.413966 235.612942 -34.281642 37.346939
23 -1 14.199328 222.327761 309.354639 -115.921191 183.537345
26 -1 12.803330 413.649351 93.443353 107.148201 167.153541
1
4
1 1 47.905673 124.226026 314.882573 -18.197951 6.647235
0 0 75.024361 494.064142 182.338906 38.141230 6.755278
3 -1 27.356901 579.132324 272.959881 -34.281642 37.346939
23 -1 14.199328 106.406570 492.891984 -115.921191 183.537345
1
4
1 1 47.905673 106.028075 321.529809 -18.197951 6.647235
0 0 75.024361 532.205372 189.094184 38.141230 6.755278
3 -1 27.356901 544.850682 310.306820 -34.281642 37.346939
23 -1 14.199328 37.913287 325.172006 115.921191 -183.537345
1
3
1 1 49.965732 93.160570 313.112064 -7.366621 -8.711885
0 0 75.024361 570.346602 195.849462 38.141230 6.755278
3 -1 27.356901 510.569040 347.653759 -34.281642 37.346939
1
4
1 1 48.271483 98.664425 310.599575 5.503855 -2.512489
0 0 75.024361 608.487833 202.604740 38.141230 6.755278
3 -1 27.356901 476.287397 385.000698 -34.281642 37.346939
27 -1 12.901097 152.061260 202.259387 187.553270 -95.503426
1
4
1 1 48.271483 104.168280 308.087087 5.503855 -2.512489
0 0 75.024361 646.629063 209.360019 38.141230 6.755278
3 -1 27.356901 442.005755 422.347637 -34.281642 37.346939
27 -1 12.901097 339.614530 106.755961 187.553270 -95.503426
1
4
1 1 48.271483 109.672135 305.574598 5.503855 -2.512489
0 0 75.024361 684.770293 216.115297 38.141230 6.755278
3 -1 27.356901 407.724113 459.694576 -34.281642 37.346939
27 -1 12.901097 527.167799 14.549669 187.553270 95.503426
1
4
1 1 48.271483 115.175990 303.062109 5.503855 -2.512489
0 0 75.024361 722.911524 222.870575 38.141230 6.755278
3 -1 27.356901 373.442471 478.244674 -34.281642 -37.346939
27 -1 12.901097 714.721069 110.053094 187.553270 95.503426
1
3
1 1 48.271483 120.679845 300.549620 5.503855 -2.512489
0 0 76.125508 688.410981 228.934569 -42.432427 9.304175
3 -1 27.356901 339.160829 440.897735 -34.281642 -37.346939
1
3
1 1 48.271483 126.183700 298.037131 5.503855 -2.512489
0 0 76.125508 645.978554 238.238743 -42.432427 9.304175
3 -1 27.356901 304.879186 403.550796 -34.281642 -37.346939
1
3
1 1 48.271483 131.687555 295.524643 5.503855 -2.512489
0 0 76.125508 603.546127 247.542918 -42.432427 9.304175
3 -1 27.356901 270.597544 366.203857 -34.281642 -37.346939
1
3
1 1 48.271483 137.191410 293.012154 5.503855 -2.512489
0 0 76.125508 561.113699 256.847093 -42.432427 9.304175
3 -1 27.356901 236.315902 328.856918 -34.281642 -37.346939
1
2
1 1 55.484558 157.120727 290.745275 -4.168101 -10.980833
0 0 76.125508 518.681272 266.151267 -42.432427 9.304175
1
2
1 1 55.484558 152.952625 279.764442 -4.168101 -10.980833
0 0 76.125508 476.248844 275.455442 -42.432427 9.304175
1
2
1 1 55.484558 148.784524 268.783609 -4.168101 -10.980833
0 0 76.125508 433.816417 284.759616 -42.432427 9.304175
1
3
1 1 53.603175 143.679529 272.057737 -5.104995 3.274127
0 0 76.125508 391.383990 294.063791 -42.432427 9.304175
28 -1 14.326052 160.308824 19.040781 8.948406 -210.550262
1
2
1 1 55.484558 140.620048 271.653846 -4.168101 17.092537
0 0 76.125508 348.951562 303.367965 -42.432427 9.304175
1
2
1 1 55.484558 136.451946 288.746383 -4.168101 17.092537
0 0 76.125508 306.519135 312.672140 -42.432427 9.304175
1
2
1 1 55.484558 132.283845 305.838920 -4.168101 17.092537
0 0 76.125508 264.086707 321.976315 -42.432427 9.304175
