0
1
12
0 0 50.000000 174.218121 76.448015 0.000000 0.000000
1 1 50.000000 625.781879 438.551985 0.000000 0.000000
2 -1 19.190873 356.589949 154.859143 1.593919 3.829969
3 -1 19.190873 443.410051 360.140857 -1.593919 -3.829969
4 -1 16.911868 470.104345 90.151808 -4.588038 0.351799
5 -1 16.911868 329.895655 424.848192 4.588038 -0.351799
6 -1 20.904680 658.707193 56.249977 0.105132 1.248897
7 -1 20.904680 141.292807 458.750023 -0.105132 -1.248897
8 -1 17.302781 178.353343 380.856646 1.434507 3.222653
9 -1 17.302781 621.646657 134.143354 -1.434507 -3.222653
10 -1 18.867475 445.439310 140.638131 2.388380 1.140408
11 -1 18.867475 354.560690 374.361869 -2.388380 -1.140408
